$ANSIBLE_VAULT;1.1;AES256
32316264663939626135306166393331376337636635666632353662633163316232393464633833
3238336463303962343562333038353863393636356564650a646334663962393963346564356334
30386131323730306531363838373332616663373966393963646161616238653531323066666335
3031396232616130350a326661666237633466343661386139646239373734333062653335623839
34633835666139376664376237376135656433623037666434656537636232316662653435373732
64303033393736393333386363393664383962653137653666323063663765353136616366376638
61333039656132386631333965643634633731373537343464623734343538343736623762373163
33313636313839623338656431313136336436363936336238666431613534643635326538383763
35373539633437613961666434383930356165363464623263356564633263663163633336383730
31363933303562666539383732343961303965306536333666623061336232333263653737343839
39386438333233633261623034346434353338366138663637656134383832643330376136316430
39313863616131393665636336636162343939383163343531343139376164653932376530633366
36323431653132353631353262353036343636396564346466343033326163306265343264356466
39346163643634633236376334633933393164343239616264323933383930393639646234666666
64656136393264356538666137623039303137383436633264346138313964383931633731303965
38616466313734363634373034666139363664383636363630323937303162646336373336323363
38373964366137613531646562356137633838373937633230656534383564633261336430316233
34303635356635303165643061333239623139633038323232363164393935306532323739643738
32623239383364326166386161353632356337323338613439393838373334373765613332663633
38333035333062333936643466643631663431616636666463656136303133323630643663376233
30616239393737383335326639643534323436336235396331366166346363616162373031373339
64396533396465326536343862376361393132353466323633363738363866303135623563363761
35343335396664643834666231653531366530303064396335613139383865653164303865663530
65316264303731303366316139663332333236626666313033313265396431303962306263663035
34353839393630643432383039396661623065396632376535613132646530346261666537356131
31316139346337363362336239383734323064373836626231363365323139313735386536336233
36383031663464663661653938366261626166396431623863313463353436316135303039616565
33613436353236393863303063393361616265333164663864666534333534343966623633373366
30323430396532386166646231623764356231336464316433373535663366303735376366373564
30363233613437323537373530613264353537323365323230303339313866656133616462356136
64633461373861663131303362643531656466616434663561613666373832366436376662303863
39353934643033616433366134383935366432386638363838653962333662393361663535653935
33366433663566313931373161363533376434343364306663343430346331643835663039353337
38396431623535623737333863343536376362383535616137346633353365626336633265386661
38363461643237336231613730333338396436373431656239636431396163373832323832613037
39336563663061393464393961636439303231623834346334636632313833396262656566373338
61626164303432386331613934326338316134303639353130393965333130363035663235316562
66383264383039653330396262633033626633343536303464303265303863376230623735626139
38353635656165356132356532353132633939356363396561363631666664656162393730653766
37343234313737376361313465393266666139306436613837323761623536363731383565383634
30626136663039383031333734666531313963663861613932353932363561313234353331303236
39613231633431633431303464316161663037353663333238326265393964313537623031313464
64643235333662313364393732393734313366646234306635646232633938623064356366616434
33333164613531653137313363616431306432353265616438336236306262646438316264383163
33333861303536666630666338326662393036303461303735303232396234313039356638613638
36343862633331303830313133343333633131363135656231303334666632356439633366373261
61623734396130303939656462333133376133363732323033356235656331336666643966376237
66353439363662383032373932326238353364393433303163663864303966366365383961623161
38393261343330333133366438623964343764306137366433633030623533336664646263626434
66373961353463663430346433303566383834343234656238373036313733313663343934656466
33316135326439393763326334323061663465386531383561333964326632666565376264316530
36346531663266653832373337303636616434666130346537626336303132353032363663323734
31653462376533393834643336323165326330393165626631313039373036356435653332336237
31353434626436613637663461353965393331633462313066376438656365363463643138613333
34663032383032353964343864333864383466316462643333663762653265646566653539353565
37363630383231393435353462303762313861633465363131306461306230663437653932643734
31376138626230623132313937393130623761643433643733633264356233323063633461626361
61623233313031613430356161323331386231626361373665616531663635356265376533653031
32353463643962356565353265643630656536356338373935323931313838303730323139323961
31333365656331323632393661313336393661393031636565666136643636323563303737366539
62316462633564333539343139393833386338343931653133333738653837616663616331643633
39303763376136303562353938376439333939383739666333653532343662646361306163346438
35633466396261316333333637616562653433653665653732373638363764623037383335363736
66353236666365336462343734363166613262356635343333373462666538386161346263653634
63366536386139666332306532313666646333343065613334363364373266386265393438363766
34333237643339646161383232653537623332363031323263633063356466643566333666383938
33396137386238373531626265353162373830623330303863343135396664363232376364626338
65333435323237656431303634343432313666663330343538316235306636613662353462663730
64376534616231393662613437316237313435303965393634386561313032636564396635356237
65373336353034613638623734356436393836306534363066393564636135643031323761636134
34353932373433383762306135613134396563613332366432643935363136346166383663303738
61303031376439373835313731396364386437303661623062346136333664333261383637336435
61386432336261323862333332353732393462366234323637303663383861626362366436633539
66666262343635646331666339353438663463313333366163353666323766653366313135343762
66666332396532333861633836373063333730373163623332613666326561306438333132393464
31376136386630376337346462316537663263656238323066363162326337356166383630663231
39333961646166333266323461663135336638303430373364666332376234363635383566376465
64623139336262633032343637316563383439333934343237336461316135663939396364643266
64316233383833366338376635653631623438373763656536356564643563353437316161616133
63666564623037366134363235373931333062393939326565396633373132616337356338653235
65656434616364396638363737363161666463396230363430636637396366313435393631633163
37663333326534643164633431396237326234373330343030613933386461376233633563383864
61656564663835623230386333616138663362346462373933656164363938323931346333306665
30343266616264643732303963323861356330396166313135633937643931313534666534643634
37353238323362653737633862353231306536373564386662353731333766336238353661396161
66316332353433306332653436653833613062623437373839346138336466626234383265383338
37343164383631303965333264666666363535356664613237363464356265393639616233333639
31393663373434373065373165656236396663623661323165656266363161653832306131613661
35313666663637626564366262306334666330383266326534633034366131623164346539663266
64303538623561666136663261616461333963643566663037366237393231303863343936646531
37316666333539633234653062346631653261306330303666373133306433623661633336346236
30613035366264386437343763303737326564633536643032353462313733373766663462666638
39326336643634373166623638306462386630643234306430616138643637323831313634656162
65633334666466646531373733303837643233323363393533316263653563623562646366323934
37383835663737316134313432623237393336353937343832396138313632326532323765316137
34353336323861323364356539643066366636346532336362303262393935653934373939343739
39616363613133633733613935663437663036333337366232636662363635666236396231373537
66303066383863333836336635626263303334383064333631396233396561623339323637333365
35326131363231303731633633303862623033393132393234346466623339623635313162633431
64383137653139613666353365323837653265633664656165656465313436316462383330616436
33396263333538373466373939613364623462323335646437313232643663623531356639303264
33353333393931373866646163613339353433396366336138323463303962393765626533653063
62633565333232306632373331346335663338613039373430356334643266626436636630653364
32663133646630323436373264396565353263666135666132613462326465633038613863613438
37343031626635623239393432366539376664613838346134316430313263386136656436333631
65643434656561333537346135633866303431363161383332623134346361653339303234303866
36656236323830366336393466626666353761663861306537363130623566346262346663363930
30303966656239313166613661623430373461663531396233623863386336396332313735383961
63386661636466363963383737383465326462383235326366643765613664623530376165666563
30646130386131383239393632656138316637653934643336333432313033393136333763663733
63393030656535653832386535663239336562626137396135653866633563636238333938303336
66316436663730383237366266643832363764366266363536386233616232333361373430643337
62343539623435343531613362663139666537363539616264396638323163386138316632616561
34666130646364623037376265333865303965313461313566386263623939326138656165613533
36613364383466303731323039353036383335333263613131636566636235656265616439396233
31343565663138636533386137656535393134616637366562313437663938636166616633666363
61306635336333653861626662396239313235666139643637313436376433313063386265663132
61643532643532336666343334366237363638316666323461363239623039626138343665626539
63316338313237343862316633616539306666643839313261656134383935653134376363336339
39666163636262336531626437363438663064386539306533363035346235353438663734386161
36373632316136376238393165373765323535663433656133303761306463643865353765323038
33313564383830303435383334323035393934616464383033633338346331353861346466343534
31633131333933393434326266386235613836316461663639613163346362376435643763616633
37376636653065646138613366363836303934336234306631663333343633316165616238363735
36303834383833383639363763363466393031313538656435616136306261353639666333386632
37393761663635663132363930386364333163623738333936623635623635316162323863646132
33323332363364366338633838643337366233386366633031613931323332636164366564376530
66323166376434313433653639653036656233653238363663663533653338396266343263383465
62666530613133623833333066346365333965336663643932373531303132663236336165666664
62616466313561336535613166373562366331623539313365323835353532626538656264383433
61663061336166333161653164393765363062616161306235373134616664303461363339303831
62313635626162373034363665643366353239613063373439326232396264323930636264613465
64316239616131323038363265363162336134613939326531613863396264333032393066393535
33343937333334303566333636313862316231396266373033383930313032303661373235306662
37393233356665626639636633653165663034333566363632616165343536316435376530646161
64313761336161633763396433333731303465353833363638313661383263353539653639626435
34316266613865353161343439323466363539663839373538653235333834656536396231323733
36363233656235623161646263366338643831323432383134653234373564633565653030626634
65386632316264623031353563326136363236623364333634313231616262343433376532366530
61643436313063633634363031636235323332336631613131373064343539343537333261646666
38636635386661356132316431333265616637313636666630643630656335623333613662643863
62303938653030366265623731653031343763323536383533346234323566393337653236383163
66636231623966333731393264626135386464653264346234613263306134666334663737306633
35393338663565613264323231656131356464326666386461653034613464663233303838373337
61333365623766306130626166386263316234356262653961383038643439393831613862626338
61393161383362646363616635386631633939646336653261373930353763346630663639646134
36653864336664653562303365616566363061663763656137666465653931663936376434613839
36623064353663633665376561383131373335313331353530393565383665656437363639616333
66363139343237393964613764633431393931613962653737303966393563353666636564623234
64393534366538323632653635393661313834303439393565636431616431306238613362303864
30643334663165386164303931313039623365656638313266356239666137376639616637616131
61363039313439383763303864373663616139356235383464646166316535666234356437346265
65363263613231346131626163313132343138666533313730376134313839353633663763613430
61373130346263313534633463363666656631333739643730616338643562376464656439356230
62613863623634643966623231346537633162373139333133356132353135396335643563333366
61646238323463333935333036336531626339653433633335653733323131303861396432393933
66663331336165323734376539626234623830373839366334646162636365353538626266313563
64366532666631623737363162373134376462626236653561656261626430373461346638316336
33376338643163643437643362303038313164303932643733643635386165393734363438656236
31653537613065373236316130303261383431353461396535363532303034663030356162643738
62316432323165366130633036316536313834646138393634633736346534393761376136626266
38393839353830303166313432386564653231353136643561613830306564616135313834383561
35326162353030626563633433343933353063366361313865626639363134333464363934633730
30376363623438353132373532383762613438353663343134313732303461383830363736383363
38316266326238383332613030633130323030343466363162666335393661666439613831323234
30306566366565303162393061343930623034623533303337626239373539346233346334663763
37373262616563356332373762343430343234396532636136386662643063383636326138396238
38326631336131643362386639343439383932343533376463313863313165356566376533376637
30346161623037646339356139393665633262373337643638653736623736366362373563383936
35626537333863306665346162303832353431306563633533396332616662323536646436376333
64623862613633646563393861316233356464636262353831663132386161616363303265303165
38383437376465633765353730646536356632363135343838316361616236613134646263656463
37356635613865643735336364356337656135383930373363383838636539653836333561633766
34333336323361356534623238373235623065373933333636366363386365646332383933623366
61613235343838353261643066313463643161646337666332393831636265393033333962353566
30303764323531336639666363666438353330313561393663363430633063343566393961643262
31623730656139646233636336613034313538653133626136663361323536363966343135616266
30623763643964353636636266343363613431343830393265343839366662373762323633333531
63623164333239393035326430636265313232666563353439633332356538643335303231346132
66353834393535373266353861333765373064363132326333626339313864643733396635663535
35663566663639643563343366653335333237316534363037306466313136656566373130323639
63343965363434303466396230656439343430386338656134366262656166336662363432306362
32393632373937613263623637633662666437366361663731653264306435396239623437386232
38316465313936366536623266383766633933373363626335656266383737613239633733353838
31386330313934313164383432393734366434656435363966366434373639663733396135633766
65393065623230613433373364353539633831646230393134323462643633303365353134393232
30353033643934653266336435333562623764363938666665636530313664316164616466363131
63353863623634613265663736366261386430383866353564646134636231303262333839383036
32653432613166643034313064396430643662383761353465626666613630633737616361323564
37656333383662333664633665333439323631393466626633396462323261666130376261633336
65656532656639643131373064323836383163616437613435356134656333376437313337326365
35373265626535336463316537633933653361383239343831633939353235396632306163363437
64373532363738663362656461626536333335343837303630313565613532393464353263353835
61333835333261616337616561333636353638326338333363636333366332613630613266366565
36363136343363643866626434373962653831633631613663353332383433373431333234313464
35646162366362636465376134623561643264633965646261313262396266623061336264386365
30356537353638663330623462323238623465633965623033613330613666393736653137643161
30306362393561346330633364313762623266323938316463363939393161353462326236633930
63366638646136386335313636393963356563663736373135653835353336323030373437396437
66373161633031303536616432623434643538333264656166663666663764663838313363356637
30643966633634623561663663316364343662336234323066333333336164363532
