$ANSIBLE_VAULT;1.1;AES256
62376238623732613664313264356162366133323735323539323639373034396663303130633462
6132613331623466386233613437363836326266663461630a383764666566383161336561336236
32626265646133396162396663303438306265313233346636343761383738376238616632313465
3338633666346536620a343531623836653736303263376662666638323965393635356334316236
38343932393235666437313631303733323432353030633435346235303033643431646332356337
38623832316631323739303136393965636166323763373465613962633136653866646166326439
66396635343466353936336230646331643233613865653762336635656537336562623132643665
66353334393436626535343032313131353534326632316435613034643133653133616434326135
38646533653761643430363835646331366435636531636236346339383962323933393763653863
34353061373733326562613535386234653730353763336633636137333232303334396537616162
37343633333339333661363062333439356333666631323565633866326431373339363136613065
33643838626364666137333834363161363737343836383166656137336233343635666631623161
33366363356333396239343930653531386334333766356130303961336137656566343633663437
34323765643438326132363561303232633233386430316165333132396137653836373862653162
62336336376665323365613532633736643335366636643431373330366534396239353632313532
39613262613764396531393765313864393435373336356431646266343364336133323031643934
63303734376538383231366463636432373936393964346263663365313136326433346638643562
62343466366662616363386436366262373231613561373064666635353539343531616462646530
37633532613432386633613463663164326431356262656433353135386438396238333161386135
37363838396532663533333730373938666538346536376432323434656134666533636631366361
39306662666466323565393261633066643261363864323863636361383264353133316362363763
37323535393435656439313161313339653261353138326432656533346565373833626233386462
64393735393739373462363562366433316631633963373637353464323333393133323630663437
37646436616230306363323432303561623235386431616437376336313265363934633237613133
33313537333665333733633430623131393239613834653663326338303539626665386235386637
30616662323561323566303432643237616434633832356335373431306465383330393635353234
39623864623434333031306234383866303361396638636431646661663235313835663566373261
31366531326464653663353137386461343666623737316132363536623763343133303532663865
39303065366431323464303738663936376565343236326336346439373639636436663235326263
35666563373564303964383132626630363263616363323633393532623766373637303861363462
30663937363130383965323963333530616639356333313262353066636632393133306565366438
61386339366166646161396135653263303663326536316130633635353036346132343235663837
64653334353163306536363131363233646432646166666336343535376264616264323366383339
35646463643738366161336363366334316231323131373961353337356532313963373963366262
65386163343136373231393661396133393461616363363135356661663166613232306163623064
39636435356662646135333966336136643734343731623664343664343537356462313530306436
31646231653161323930386235643534626463666138363062666633306336346563346334633332
62326338333665383338623338316466323865386539366134343461353262616238633261323736
64653338653263366530353832653733623139656134666336313031363863343537363061383865
34316331623530636565383565346664363633646366333137663963303163613064313830366462
35363630356533616661646437623631326161383536386464363766626133656332663165316166
63393135323039333130663930353062643233373239623639396335623865306433396564663632
35613938663936333534333138653463333166633639613831663435616633303831326666383664
64353164343766343939376165306437663163626637626135363965303233343937613364616566
61373430393437623433366133323863393365396336663431383065353263333638393335363437
64396436323435623064643033663966616162626537633038633430666330346639336332373863
39386137326661343434333238353735303362623166313932613063633266386236623734386230
33653831663734393931643330366366373437323733363564373032373433366435376465633462
36373233623962393633306664326461316137633763373737343436633861333236636335623036
31343937353562306631336634343237316530393666393962633962326539326637656561343465
36343932613935623239633731343837333730666136326365633835333232656236386665633132
66363634653134393938353432626436363631363662363832363636343230323864656430363062
30303637343934303635376636346565366562333465613838623365373436306666306537643935
65376235623933613631666366343666353537313364393833333736393062643637353565313734
30633039643061633133323463313438663832383737363034313762643639643139316236643636
30326132343666353836383139626431333466303033353039623363383638333533356561663639
62386564323735663137323338393232633131393833333430313733653765383865393364633431
63316664373639313661306137653239333036666638643839646138613431313534666561333235
33616437346365623563306531373836343939643935383765613636356263643931373932396266
35633235323435383131393561353666666531393439643237396337326432313061623039303362
34623030636630643862333830383637306538633136313465356338643238346333343230396430
3934616632333563623163656466643033396534396261396465
